  	 	 	 	 	    1 2 3 4 5 
 	 	 	 	 	 1        
 	 	 	 	 	 2           
 	 	 	 	 	 3        
 	 	 	 	 	 4           
 	 	 	 	 	 5        
  	 	 	 	 	    1 2 3 4 5 
 	 	 	 	 	 1        
 	 	 	 	 	 2  บ        
 	 	 	 	 	 3        
 	 	 	 	 	 4           
 	 	 	 	 	 5        
  	 	 	 	 	    1 2 3 4 5 
 	 	 	 	 	 1  อออ   
 	 	 	 	 	 2  บ        
 	 	 	 	 	 3        
 	 	 	 	 	 4           
 	 	 	 	 	 5        
  	 	 	 	 	    1 2 3 4 5 
 	 	 	 	 	 1  อออ   
 	 	 	 	 	 2  บ        
 	 	 	 	 	 3        
 	 	 	 	 	 4  บ        
 	 	 	 	 	 5        
  	 	 	 	 	    1 2 3 4 5 
 	 	 	 	 	 1  ออออออ
 	 	 	 	 	 2  บ        
 	 	 	 	 	 3        
 	 	 	 	 	 4  บ        
 	 	 	 	 	 5        
  	 	 	 	 	    1 2 3 4 5 
 	 	 	 	 	 1  ออออออ
 	 	 	 	 	 2  บ        
 	 	 	 	 	 3  อออ   
 	 	 	 	 	 4  บ        
 	 	 	 	 	 5        
  	 	 	 	 	    1 2 3 4 5 
 	 	 	 	 	 1  ออออออ
 	 	 	 	 	 2  บบ    
 	 	 	 	 	 3  อออ   
 	 	 	 	 	 4  บ        
 	 	 	 	 	 5        
  	 	 	 	 	    1 2 3 4 5 
 	 	 	 	 	 1  ออออออ
 	 	 	 	 	 2  บบ    
 	 	 	 	 	 3  อออ   
 	 	 	 	 	 4  บ       บ
 	 	 	 	 	 5        
  	 	 	 	 	    1 2 3 4 5 
 	 	 	 	 	 1  ออออออ
 	 	 	 	 	 2  บบ   บ
 	 	 	 	 	 3  อออ   
 	 	 	 	 	 4  บ       บ
 	 	 	 	 	 5        
  	 	 	 	 	    1 2 3 4 5 
 	 	 	 	 	 1  ออออออ
 	 	 	 	 	 2  บบบ
 	 	 	 	 	 3  ออออออ
 	 	 	 	 	 4  บ       บ
 	 	 	 	 	 5        
  	 	 	 	 	    1 2 3 4 5 
 	 	 	 	 	 1  ออออออ
 	 	 	 	 	 2  บบบ
 	 	 	 	 	 3  ออออออ
 	 	 	 	 	 4  บ       บ
 	 	 	 	 	 5  อออ   
  	 	 	 	 	    1 2 3 4 5 
 	 	 	 	 	 1  ออออออ
 	 	 	 	 	 2  บบบ
 	 	 	 	 	 3  ออออออ
 	 	 	 	 	 4  บบ   บ
 	 	 	 	 	 5  อออ   
  	 	 	 	 	    1 2 3 4 5 
 	 	 	 	 	 1  ออออออ
 	 	 	 	 	 2  บบบ
 	 	 	 	 	 3  ออออออ
 	 	 	 	 	 4  บบบ
 	 	 	 	 	 5  ออออออ
